166 85 108 137
67 88 55 77
95 91 37 63
160 115 106 116
====================
114 147 181 167
123 96 159 150
54 85 37 92
124 150 157 175
====================
67 63 109 149
77 76 118 154
87 76 148 158
49 38 72 76
====================
30 32 89 81
86 91 113 125
44 53 112 87
92 91 128 152
====================
132 113 191 104
82 45 125 54
48 23 76 31
110 60 130 60
====================
22 25 49 58
80 99 85 108
152 173 83 117
150 141 105 139
====================
128 75 83 75
60 53 56 42
105 58 70 112
114 53 61 73
====================
191 176 160 147
136 144 118 110
159 126 122 108
96 108 101 71
====================
182 127 57 124
96 67 43 72
213 172 104 188
112 80 65 102
====================
55 89 70 87
31 49 28 51
84 93 49 105
110 94 38 118
====================
69 103 121 140
91 102 72 158
82 113 71 144
76 102 37 132
====================
101 64 70 64
213 110 148 126
60 98 64 54
142 48 96 82
====================
200 99 111 193
183 49 137 218
173 108 123 196
211 120 64 181
====================
66 184 167 125
47 111 96 50
44 76 41 109
45 73 34 100
====================
129 134 57 115
67 107 59 88
118 98 68 84
125 145 53 108
====================
128 0 192 137
105 40 164 127
169 100 214 150
173 30 254 178
====================
128 141 146 162
128 154 156 172
84 100 126 118
137 113 130 92
====================
